BC1
1537 2048
296423851
18446744069713105323
298521035
298521035
298521035
298521035
300618219
300618219
300618219
300618219
300618219
300618219
300618219
300618219
300618219
300618219
300618219
300618219
18446744069715268075
300683756
300618219
300618219
18446744069715202507
298521035
298521035
298521035
18446744069847323083
18446744069983640011
18446744070122054123
18446744070396848683
18446744070669482603
18446744070807964332
18446744071078501100
18446744071216980781
18446744071221177198
18446744071357557646
18446744071493876687
18446744071630257135
18446744071632356368
2217772080
18446744071770836048
2356251761
18446744071907150961
18446744071907218577
2492634258
18446744072043533458
2628951218
2628951218
18446744072045630642
18446744072045630642
2631048402
2631048402
2631048402
2631048402
2631048402
2631048402
2631048402
2631048402
2631048402
2631048402
2631113939
2631113939
2767430899
2767430899
2767430899
2767430899
2767430899
2767430899
2633211123
2633211123
2633211123
2633211123
2633211123
2633211123
2633211123
2633211123
2631113939
2631113939
2631113939
2631113939
2631113939
2631113939
2631113939
2631113939
2631113939
2631113939
2631113939
18446744072045698258
2496828626
2496828626
2494731442
2494731442
2494731442
2494731442
2494731442
2494731442
2494731442
18446744071911412914
2496828626
2496828626
2628951218
18446744072045632690
2631113939
2631113939
2631113939
2631113939
2631113939
2631113939
2631113939
2631113939
18446744072047795411
2633211123
2633211123
2633211123
2633211123
2633211123
18446744072047795411
18446744072182013171
2767430899
2767430899
2769528083
2769528083
2769528083
2769528083
2769528083
2769528083
2767430899
2767430899
2767430899
2767430899
2767430899
2767430899
2769528083
2769528083
2769528083
2769528083
2769528083
2769528083
2769528083
2769528083
2769528083
2769528083
2769528083
2769528083
2769528083
2769528083
2769528083
2769528083
2769528083
2769528083
2769528083
2769528083
2767430899
2767430899
2767430899
2767430899
2767430899
2767430899
2767430899
2767430899
2767430899
2767430899
2767430899
2767430899
2769528083
2769528083
2769528083
2769528083
2769528083
2769528083
2769528083
2769528083
2769593620
2769593620
2769593620
2769593620
2769593620
2769593620
2769593620
2769593620
2769593620
2769593620
2769593620
2769593620
2769593620
2769593620
2769593620
2769593620
2769593620
2769593620
2769593620
2769593620
2769593620
2769593620
2769593620
2769593620
2769593620
2769593620
2771690804
2771690804
2771690804
2771690804
2771690804
2771690804
2905910580
2905910580
2905910580
2905910580
2905910580
2905910580
2905910580
2905910580
2905910580
2905910580
2905910580
2905910580
2905910580
2905910580
2908007764
2908007764
2908073301
2908073301
2908073301
2908073301
2908073301
2908073301
2908073301
2908073301
2908073301
2908073301
2908073301
2908073301
2908073301
2908073301
2908007764
2908007764
2908073301
2908073301
2908073301
2908073301
2908073301
2908073301
18446744072322657620
18446744072322657588
18446744072322592052
2905910580
2769593620
2769593620
2769528083
2769528083
18446744072184177939
2769593620
18446744072320492820
18446744072322592052
2908007764
2908007764
18446744072322657620
18446744072322592052
2905910580
2905910580
2905910580
2905910580
2905910580
2905910580
2905910580
2905910580
2905910580
2905910580
2905910580
2905910580
2905910580
2905910580
2905910580
2905910580
2905910580
2905910580
2771690804
2771690804
2771690804
2771690804
2771690804
2771690804
2771690804
2771690804
2771690804
2771690804
2769593620
2769593620
2769593620
2769593620
2771690804
2771690804
2771690804
2771690804
2771690804
2771690804
2769593620
2769593620
2769593620
2769593620
2769593620
2769593620
2769593620
2769593620
2771690804
2771690804
2771690804
2771690804
2905910580
2905910580
2905910580
2905910580
2905910580
18446744072322592052
2908073301
2908073301
18446744072322592052
18446744072322592052
18446744072322592052
18446744072322592052
2908007764
2908007764
2908007764
2908007764
2905910580
2905910580
2905910580
2905910580
2905910580
2905910580
2905910580
2905910580
2905910580
2905910580
2771690804
2771690804
2771690804
2771690804
2771690804
2771690804
2771690804
2771690804
2771690804
2771690804
2771690804
2771690804
2771690804
2771690804
2771690804
2771690804
2771690804
2771690804
2771690804
2771690804
2905910580
2905910580
2905910580
2905910580
2905910580
2905910580
2771690804
2771690804
2771690804
2771690804
2905910580
2905910580
2905910580
2905910580
2905910580
2905910580
2905910580
2905910580
2905910580
2905910580
2908007764
2908007764
2908007764
2908007764
2908007764
2908007764
2908007764
2908007764
2908007764
2908007764
2908007764
2908007764
2908007764
2908007764
2908007764
2908007764
2908007764
2908007764
2908007764
2908007764
2908007764
2908007764
2908007764
2908007764
2910170485
2910170485
3044390261
3044390261
3044390261
3044390261
3044390261
3044390261
3044390261
3044390261
2910104948
2910104948
2910104948
2910104948
2910104948
2910104948
2910104948
2910104948
3044390261
3044390261
3044390261
18446744072458972533
18446744072458972532
18446744072458972532
18446744072458972532
18446744072458972532
18446744072458972532
18446744072458972532
2910104948
2910104948
2910104948
2910104948
2910104948
2910104948
3044324724
3044324724
3044324724
3044324724
3044324724
3044324724
18446744072458906964
3044390261
3044390261
3044390261
3044390261
3044390261
3044390261
18446744072458906964
2908007764
2908007764
2908007764
2908007764
3044324724
3044324724
3044324724
3044324724
3044324724
3044324724
2908007764
2908007764
2908007764
2908007764
2908007764
2908007764
2908007764
2908007764
2908007764
2908007764
3044324724
3044324724
3044390261
3044390261
3044324724
3044324724
2910104948
2910104948
2910104948
2910104948
3042227540
3042227540
3042227540
3042227540
18446744072456809812
18446744072456809812
18446744072456809812
18446744072456809812
2908007764
2908007764
2908007764
2908007764
2905910580
2905910580
2905910580
2905910580
18446744072322592052
2908007764
2908007764
2908007764
2908007764
2908007764
2908007764
2908007764
2908007764
2908007764
2908007764
2908007764
2908007764
2908007764
2908007764
2908007764
2908007764
2908007764
2908007764
2908007764
18446744069713170891
298521035
18446744069713170891
298521035
298521035
298521035
300618219
300618219
300618219
300618219
300618219
300618219
300618219
300618219
300618219
300618219
300618219
300618219
18446744069715268075
300683756
300618219
300618219
18446744069715202507
298521035
298521035
18446744069847323083
18446744069983637963
18446744070122052075
18446744070394751531
18446744070533165676
18446744070807962284
18446744070946378477
18446744071216978733
18446744071221175118
18446744071357557646
18446744071493874607
18446744071630191599
18446744071632356367
2217772080
18446744071768671280
18446744071770836049
2356251761
18446744071907216529
18446744071909315730
18446744072043533458
2628951218
2628951218
2628951218
2628951218
2628951218
2631048402
2631048402
2631048402
2631048402
2631048402
2631048402
2631048402
2631048402
2631048402
2631048402
2631113939
2631113939
2767430899
2767430899
2767430899
2767430899
2767430899
2767430899
2633211123
2633211123
2633211123
2633211123
2633211123
2633211123
2633211123
2633211123
2631113939
2631113939
2631113939
2631113939
2631113939
2631113939
2631113939
2631113939
2631113939
2631113939
2631113939
18446744072045698258
2496828626
2496828626
2494731442
2494731442
2494731442
2494731442
2494731442
2494731442
2494731442
18446744071911412914
2496828626
2496828626
2628951218
18446744072045632690
2631113939
2631113939
2631113939
2631113939
2631113939
2631113939
2631113939
2631113939
18446744072047795411
2633211123
2633211123
2633211123
2633211123
2633211123
18446744072047795411
18446744072182013171
2767430899
2767430899
2769528083
2769528083
2769528083
2769528083
2769528083
2769528083
2767430899
2767430899
2767430899
2767430899
2767430899
2767430899
2769528083
2769528083
2769528083
2769528083
2769528083
2769528083
2769528083
2769528083
2769528083
2769528083
2769528083
2769528083
2769528083
2769528083
2769528083
2769528083
2769528083
2769528083
2769528083
2769528083
2767430899
2767430899
2767430899
2767430899
2767430899
2767430899
2767430899
2767430899
2767430899
2767430899
2767430899
2767430899
2769528083
2769528083
2769528083
2769528083
2769528083
2769528083
2769528083
2769528083
2769593620
2769593620
2769593620
2769593620
2769593620
2769593620
2769593620
2769593620
2769593620
2769593620
2769593620
2769593620
2769593620
2769593620
2769593620
2769593620
2769593620
2769593620
2769593620
2769593620
2769593620
2769593620
2769593620
2769593620
2769593620
2769593620
18446744072186275092
18446744072186275092
2771690804
2771690804
2771690804
2771690804
2905910580
2905910580
2905910580
2905910580
2905910580
2905910580
2905910580
2905910580
2905910580
2905910580
2905910580
2905910580
2905910580
2905910580
2908007764
2908007764
2908073301
2908073301
2908073301
2908073301
2908073301
2908073301
2908073301
2908073301
2908073301
2908073301
2908073301
2908073301
2908073301
2908073301
2908007764
2908007764
2908073301
2908073301
2908073301
2908073301
2908073301
2908073301
2908073301
18446744072322657620
18446744072322592052
2905910580
2769593620
2769593620
2769528083
2769528083
2769593620
18446744072320492820
18446744072320492820
18446744072322592052
2908007764
2908007764
18446744072322657620
18446744072322592052
2905910580
2905910580
2905910580
2905910580
2905910580
2905910580
2905910580
2905910580
2905910580
2905910580
2905910580
2905910580
2905910580
2905910580
2905910580
2905910580
2905910580
2905910580
2771690804
2771690804
2771690804
2771690804
2771690804
2771690804
2771690804
2771690804
2771690804
2771690804
2769593620
2769593620
2769593620
2769593620
2771690804
2771690804
2771690804
2771690804
2771690804
2771690804
2769593620
2769593620
2769593620
2769593620
2769593620
2769593620
2769593620
2769593620
2771690804
2771690804
2771690804
2771690804
2905910580
2905910580
2905910580
2905910580
2905910580
18446744072322592052
2908073301
2908073301
2908073301
2908073301
2908073301
2908073301
2908007764
2908007764
2908007764
2908007764
2905910580
2905910580
2905910580
2905910580
2905910580
2905910580
2905910580
2905910580
2905910580
2905910580
2771690804
2771690804
2771690804
2771690804
2771690804
2771690804
2771690804
2771690804
2771690804
2771690804
2771690804
2771690804
2771690804
2771690804
2771690804
2771690804
2771690804
2771690804
2771690804
2771690804
2905910580
2905910580
2905910580
2905910580
2905910580
2905910580
2771690804
2771690804
2771690804
2771690804
2905910580
2905910580
2905910580
2905910580
2905910580
2905910580
2905910580
2905910580
2905910580
2905910580
2908007764
2908007764
2908007764
2908007764
2908007764
2908007764
2908007764
2908007764
2908007764
2908007764
2908007764
2908007764
2908007764
2908007764
2908007764
2908007764
2908007764
2908007764
2908007764
2908007764
2908007764
2908007764
2908007764
2908007764
2910170485
2910170485
18446744072324754772
18446744072324754772
18446744072324754772
18446744072324754772
3044390261
3044390261
3044390261
3044390261
2910104948
2910104948
2910104948
2910104948
2910104948
2910104948
2910104948
2910104948
3044390261
3044390261
18446744072458972533
18446744072324754772
18446744072324689236
18446744072324689236
18446744072324689236
18446744072324689236
18446744072324689236
18446744072324689236
2910104948
2910104948
2910104948
2910104948
2910104948
2910104948
3044324724
3044324724
3044324724
3044324724
3044324724
3044324724
18446744072458906964
3044390261
3044390261
3044390261
3044390261
3044390261
3044390261
18446744072458906964
2908007764
2908007764
2908007764
2908007764
3044324724
3044324724
3044324724
3044324724
3044324724
3044324724
2908007764
2908007764
2908007764
2908007764
2908007764
2908007764
2908007764
2908007764
2908007764
2908007764
3044324724
3044324724
3044390261
3044390261
3044324724
3044324724
2910104948
2910104948
2910104948
2910104948
3042227540
3042227540
3042227540
3042227540
3042227540
3042227540
3042227540
3042227540
2908007764
2908007764
2908007764
2908007764
2905910580
2905910580
2905910580
2905910580
18446744072322592052
2908007764
2908007764
2908007764
2908007764
2908007764
2908007764
2908007764
2908007764
2908007764
2908007764
2908007764
2908007764
2908007764
2908007764
2908007764
2908007764
2908007764
2908007764
2908007764
298586572
298521035
18446744069713170891
298521035
18446744069715202507
300618219
300618219
300618219
300618219
300618219
300618219
300618219
300618219
300618219
300618219
300618219
300618219
300618219
18446744069715268075
300683756
298521035
298521035
298521035
298521035
18446744069847323083
18446744069983637963
18446744070122052075
18446744070394751499
18446744070533165643
18446744070805865100
18446744070944279276
18446744071082695469
18446744071219077998
18446744071355394958
18446744071493874639
18446744071496039407
18446744071630257167
18446744071632356368
18446744071634453552
18446744071770834000
2356251761
18446744071907216497
18446744071909315730
2494731442
2628951218
2628951218
2628951218
2628951218
2628951218
2628951218
2631048402
2631048402
2631048402
2631048402
2631048402
2631048402
2631048402
2631048402
2631048402
2631048402
2631113939
2631113939
2767430899
2767430899
2767430899
2767430899
2767430899
2767430899
2633211123
2633211123
2633211123
2633211123
2767430899
2767430899
18446744072182013171
18446744072047795411
2631113939
2631113939
2631113939
2631113939
2631113939
2631113939
2631113939
2631113939
2631113939
2631113939
2631113939
18446744072045698258
18446744072045630674
18446744071911412914
18446744072045630674
2494731442
2628951218
2628951218
2628951218
2628951218
2496828626
2496828626
2496828626
2496828626
18446744072045630642
18446744072045698258
2631113939
2631113939
2631113939
2631113939
2631113939
2631113939
2631113939
2631113939
2633211123
2633211123
2633211123
2633211123
2633211123
2633211123
2633211123
2633211123
2767430899
2767430899
2769528083
2769528083
2769528083
2769528083
2769528083
2769528083
2769528083
2769528083
2769528083
2769528083
2769528083
2769528083
2769528083
2769528083
2769528083
2769528083
2769528083
2769528083
2769528083
2769528083
2769528083
2769528083
2769528083
2769528083
2769528083
2769528083
2769528083
2769528083
2769528083
2769528083
2769528083
2769528083
2769528083
2769528083
2769528083
2769528083
2769528083
2769528083
2769528083
2769528083
2769528083
2769528083
2769528083
2769528083
2769528083
2769528083
2769528083
2769528083
2769528083
2769528083
2769528083
2769528083
2769593620
2769593620
2769593620
2769593620
2769593620
2769593620
2769593620
2769593620
2769593620
2769593620
2769593620
2769593620
2769593620
2769593620
2769593620
2769593620
2769593620
2769593620
2769593620
2769593620
2769593620
2769593620
2769593620
2769593620
2769593620
2769593620
2769593620
2769593620
2769593620
2769593620
2771690804
2771690804
2905910580
2905910580
2905910580
2905910580
2905910580
2905910580
2905910580
2905910580
2905910580
2905910580
2905910580
2905910580
2908007764
2908007764
2908007764
2908007764
2908007764
2908007764
2908007764
2908007764
2908007764
2908007764
2908073301
2908073301
2908073301
2908073301
2908073301
2908073301
2908007764
2908007764
2908007764
2908007764
2908073301
2908073301
2908073301
2908073301
2908073301
2908073301
2908073301
2908073301
18446744072322592052
2905910580
2769593620
18446744072184177939
2769593620
2769593620
18446744072320492820
2905910580
18446744072322592052
18446744072322657620
2908073301
2908073301
2908073301
2908073301
18446744072322592052
2905910580
2905910580
2905910580
2905910580
2905910580
2905910580
2905910580
2905910580
2905910580
2905910580
2905910580
2905910580
2905910580
2905910580
2905910580
2905910580
2905910580
2905910580
2905910580
2905910580
2905910580
2905910580
2905910580
2771690804
2771690804
2771690804
2771690804
2771690804
2771690804
2769593620
2769593620
2769593620
2769593620
2771690804
2771690804
2771690804
2771690804
2769593620
2769593620
2769593620
2769593620
2769593620
2769593620
2769593620
2769593620
2771690804
2771690804
2771690804
2771690804
2905910580
2905910580
2905910580
2905910580
2908007764
2908007764
2908073301
2908073301
2908073301
2908073301
2908073301
2908073301
2908073301
2908073301
2908007764
2908007764
2908007764
2908007764
2905910580
2905910580
2905910580
2905910580
2905910580
2905910580
2905910580
2905910580
2905910580
2905910580
2771690804
2771690804
2771690804
2771690804
2771690804
2771690804
2771690804
2771690804
2771690804
2771690804
2905910580
2905910580
2905910580
2905910580
2905910580
2905910580
2905910580
2905910580
2905910580
2905910580
2905910580
2905910580
2905910580
2905910580
2905910580
2905910580
2771690804
2771690804
2905910580
2905910580
2905910580
2905910580
2905910580
2905910580
2905910580
2905910580
18446744072322592052
2908007764
2908007764
2908007764
2908007764
2908007764
2908007764
2908007764
2908007764
2908007764
2908007764
2908007764
2908007764
2908007764
2908007764
2908007764
2908007764
2908007764
2908007764
2908007764
2908007764
2908007764
2908007764
2908007764
2908007764
2908007764
2908007764
2908007764
2908007764
2908007764
2910170485
2910170485
2910170485
2910170485
2910170485
2910170485
2908007764
2908007764
2908007764
2908007764
2908007764
2908007764
2908007764
2908007764
2908007764
2908007764
2908007764
2908007764
2908007764
2908007764
2908007764
2908007764
2908007764
2908007764
2908007764
2908007764
2908007764
2908007764
2908007764
2908007764
2908007764
2908007764
2908007764
2908007764
2908007764
2908007764
3044324724
3044324724
3044390261
3044390261
3044390261
3044390261
3044324724
3044324724
2908007764
2908007764
2908007764
2908007764
2908007764
2908007764
3044324724
3044324724
3044324724
3044324724
3044324724
3044324724
3044324724
3044324724
3044324724
3044324724
3044324724
3044324724
3044324724
3044324724
3044324724
3044324724
3044324724
3044324724
3044324724
3044324724
2910104948
2910104948
2910104948
2910104948
3042227540
3042227540
3044324724
3044324724
3044324724
3044324724
3044324724
3044324724
18446744072458909012
3042227540
3042227540
2908007764
2908007764
2908007764
2908007764
2908007764
2908007764
2908007764
2908007764
2908007764
2910104948
2910104948
2908007764
2908007764
2908007764
2908007764
2908007764
2908007764
2908007764
2908007764
2908007764
2908007764
2908007764
2908007764
2908007764
2908007764
298586572
298521035
18446744069713170891
298521035
18446744069715202507
18446744069715268075
18446744069715268075
300618219
300618219
300618219
300618219
300618219
300618219
300618219
300618219
300618219
300618219
300618219
18446744069715268075
300683756
298521035
298521035
298521035
298521035
18446744069847323083
18446744070119954891
18446744070392652299
18446744070531068492
18446744070803767948
18446744070944279244
18446744071080598285
18446744071219077965
18446744071355460494
18446744071491777454
18446744071493876687
18446744071630257135
18446744071632356368
18446744071634453552
18446744071768736816
18446744071770836049
18446744071907150961
18446744071907218577
18446744071909315730
2494731442
2628951218
2628951218
2628951218
2628951218
2628951218
2628951218
2631048402
2631048402
2631048402
2631048402
2631048402
2631048402
2631048402
2631048402
2631048402
2631048402
2631113939
2631113939
2767430899
2767430899
2767430899
2767430899
2767430899
2767430899
2633211123
2633211123
2633211123
2633211123
2767430899
2767430899
18446744072182013171
18446744072047795411
2631113939
2631113939
2631113939
2631113939
2631113939
2631113939
2631113939
2631113939
18446744072047795411
18446744072047795411
2631113939
18446744072045698258
18446744072045630674
18446744071911412914
18446744072045630674
2494731442
2628951218
2628951218
2628951218
2628951218
2496828626
2496828626
2496828626
2496828626
18446744072045630674
18446744072045698258
2631113939
2631113939
2631113939
2631113939
2631113939
2631113939
2631113939
2631113939
2633211123
2633211123
2633211123
2633211123
2633211123
2633211123
2633211123
2633211123
2767430899
2767430899
2769528083
2769528083
2769528083
2769528083
2769528083
2769528083
2769528083
2769528083
2769528083
2769528083
2769528083
2769528083
2769528083
2769528083
2769528083
2769528083
2769528083
2769528083
2769528083
2769528083
2769528083
2769528083
2769528083
2769528083
2769528083
2769528083
2769528083
2769528083
2769528083
2769528083
2769528083
2769528083
2769528083
2769528083
2769528083
2769528083
2769528083
2769528083
2769528083
2769528083
2769528083
2769528083
2769528083
2769528083
2769528083
2769528083
2769528083
2769528083
2769528083
2769528083
2769528083
2769528083
2769593620
2769593620
2769593620
2769593620
2769593620
2769593620
2769593620
2769593620
2769593620
2769593620
2769593620
2769593620
2769593620
2769593620
2769593620
2769593620
2769593620
2769593620
2769593620
2769593620
2769593620
2769593620
2769593620
2769593620
2769593620
2769593620
2769593620
2769593620
2769593620
2769593620
2771690804
2771690804
2905910580
2905910580
2905910580
2905910580
2905910580
2905910580
2905910580
2905910580
2905910580
2905910580
2905910580
2905910580
2908007764
2908007764
2908007764
2908007764
2908007764
2908007764
2908007764
2908007764
2908007764
2908007764
2908073301
2908073301
2908073301
2908073301
2908073301
2908073301
2908007764
2908007764
2908007764
2908007764
2908073301
2908073301
2908073301
2908073301
2908073301
2908073301
2908073301
2908073301
18446744072322592052
2905910580
18446744072320492820
2769593620
2769593620
2769593620
2905910580
2905910580
18446744072322592052
18446744072322657620
2908073301
2908073301
2908073301
2908073301
18446744072322592052
2905910580
2905910580
2905910580
2905910580
2905910580
2905910580
2905910580
2905910580
2905910580
2905910580
2905910580
2905910580
2905910580
2905910580
2905910580
2905910580
2905910580
2905910580
2905910580
2905910580
2905910580
2905910580
2905910580
2905910580
2905910580
2771690804
2771690804
2771690804
2771690804
2769593620
2769593620
2769593620
2769593620
2771690804
2771690804
2771690804
2771690804
2769593620
2769593620
2769593620
2769593620
2769593620
2769593620
2769593620
2769593620
2771690804
2771690804
2771690804
2771690804
2905910580
2905910580
2905910580
2905910580
2908007764
2908007764
2908073301
2908073301
2908073301
2908073301
2908073301
2908073301
2908073301
2908073301
2908007764
2908007764
2908007764
2908007764
2905910580
2905910580
2905910580
2905910580
2905910580
2905910580
2905910580
2905910580
2905910580
2905910580
2771690804
2771690804
2771690804
2771690804
2771690804
2771690804
2771690804
2771690804
2771690804
2771690804
2905910580
2905910580
2905910580
2905910580
2905910580
2905910580
2905910580
2905910580
2905910580
2905910580
2905910580
2905910580
2905910580
2905910580
2905910580
2905910580
2771690804
2771690804
2905910580
2905910580
2905910580
2905910580
2905910580
2905910580
2905910580
2905910580
18446744072322592052
2908007764
2908007764
2908007764
2908007764
2908007764
2908007764
2908007764
2908007764
2908007764
2908007764
2908007764
2908007764
2908007764
2908007764
2908007764
2908007764
2908007764
2908007764
2908007764
2908007764
2908007764
2908007764
2908007764
2908007764
2908007764
2908007764
2908007764
2908007764
2908007764
2910170485
2910170485
2910170485
2910170485
2910170485
2910170485
2908007764
2908007764
2908007764
2908007764
2908007764
2908007764
2908007764
2908007764
2908007764
2908007764
2908007764
2908007764
2908007764
2908007764
2908007764
2908007764
2908007764
2908007764
2908007764
2908007764
2908007764
2908007764
2908007764
2908007764
2908007764
2908007764
2908007764
2908007764
2908007764
2908007764
3044324724
3044324724
18446744072458974580
18446744072458974580
18446744072458974580
18446744072458974580
3044324724
3044324724
2908007764
2908007764
2908007764
2908007764
2908007764
2908007764
3044324724
3044324724
3044324724
3044324724
3044324724
3044324724
3044324724
3044324724
3044324724
3044324724
3044324724
3044324724
3044324724
3044324724
3044324724
3044324724
3044324724
3044324724
3044324724
3044324724
2910104948
2910104948
2910104948
2910104948
3042227540
3042227540
3044324724
3044324724
3044324724
3044324724
3044324724
3044324724
18446744072458909012
3042227540
3042227540
2908007764
2908007764
2908007764
2908007764
2908007764
2908007764
2908007764
2908007764
2908007764
2910104948
2910104948
2908007764
2908007764
2908007764
2908007764
2908007764
2908007764
2908007764
2908007764
2908007764
2908007764
2908007764
2908007764
2908007764
2908007764
298521035
298521035
298586572
298586572
298586572
18446744069715268043
300683756
300683756
300618219
300618219
300683756
18446744069849485804
434903532
434903532
434903532
434903532
18446744069715268075
300683756
300683756
300683756
18446744069715202507
18446744069715202507
18446744069847323083
18446744069847323083
18446744070119954891
18446744070392586763
18446744070531068492
18446744070803702412
18446744070942182092
18446744071082760973
18446744071219077965
18446744071355460462
18446744071491777454
18446744071493876687
18446744071630191599
18446744071632356367
18446744071766574128
18446744071768738864
2354154577
18446744071905053777
18446744071907216497
18446744071909315730
18446744071909315730
18446744072043533490
2631048402
2631048402
18446744072045632690
2631048402
2631048402
2631048402
2631048402
2631048402
2631048402
2631048402
2631048402
2631048402
2631048402
2631048402
2633211123
2633211123
2633211123
2633211123
2633211123
2633211123
2633211123
2633211123
2633211123
2633211123
2633211123
2633211123
2767430899
2767430899
2767430899
18446744072182013171
2633211123
2633211123
2631113939
2631113939
2631113939
2631113939
2631113939
2631113939
2631113939
2631113939
2633211123
2633211123
2631113939
2631113939
18446744072045698258
18446744072045632690
18446744072045632690
18446744072043533490
2628951218
2628951218
2628951218
2628951218
2628951218
2628951218
2628951218
2628951218
2631048402
2631048402
2631048402
2631048402
2631113939
2631113939
2631113939
2631113939
2631113939
2631113939
2631113939
2631113939
2631113939
2631113939
2633211123
2633211123
2633211123
2633211123
2767430899
2767430899
18446744072184177939
18446744072184177939
2769528083
2769528083
2769528083
2769528083
2769528083
2769528083
2769528083
2769528083
2769528083
2769528083
2769528083
2769528083
2769528083
2769528083
2769593620
2769593620
18446744072184177939
18446744072184177939
2769593620
2769593620
2769528083
2769528083
18446744072184112371
18446744072184112371
2769528083
2769528083
2769528083
2769528083
2769528083
2769528083
2769528083
2769528083
2769528083
2769528083
2769528083
2769528083
2769528083
2769528083
2769593620
2769593620
2769593620
2769593620
2769593620
2769593620
2769593620
2769593620
2769528083
2769528083
2769528083
2769528083
2769593620
2769593620
2769593620
2769593620
2769593620
2769593620
2769593620
2769593620
2769593620
2769593620
2769593620
2769593620
2769593620
2769593620
2769593620
2769593620
2769593620
2769593620
2769593620
2769593620
2769593620
2769593620
2769593620
2769593620
2769593620
2769593620
2769593620
2769593620
2769593620
2769593620
2771690804
2771690804
2771690804
2771690804
2771690804
2771690804
2905910580
2905910580
2905910580
2905910580
2905910580
2905910580
2905910580
2905910580
2908007764
2908007764
2905910580
2905910580
2905910580
2905910580
2908007764
2908007764
2908007764
2908007764
2908007764
2908007764
2908007764
2908007764
2908007764
2908007764
2908007764
2908007764
2908073301
2908073301
2908007764
2908007764
2908007764
2908007764
2908073301
2908073301
2908073301
18446744072322657620
18446744072322592052
2905910580
18446744072320492852
18446744072320492852
18446744072320492820
18446744072320492820
18446744072320492820
18446744072322592052
2908073301
2908073301
2908073301
2908073301
2908073301
2908073301
18446744072322657588
2905910580
2908007764
2908007764
2905910580
2905910580
2905910580
2905910580
2905910580
2905910580
2905910580
2905910580
2905910580
2905910580
2905910580
2905910580
2905910580
2905910580
2905910580
2905910580
2905910580
2905910580
2905910580
2905910580
2905910580
2905910580
2771690804
2771690804
2771690804
2771690804
2771690804
18446744072186275092
2771690804
2771690804
2771690804
2771690804
18446744072186275092
2769593620
2769593620
2769593620
2769593620
2769593620
2769593620
2769593620
2769593620
2769593620
2771690804
2771690804
2771690804
2771690804
2905910580
2905910580
2905910580
2905910580
18446744072322592052
18446744072322657620
2908073301
2908073301
2908073301
2908073301
2908073301
2908073301
2908073301
2908073301
2908007764
2908007764
2908007764
2908007764
2908007764
2908007764
18446744072322592052
2905910580
2905910580
2905910580
2905910580
2905910580
2905910580
2905910580
2905910580
2905910580
18446744072320492852
2771690804
2771690804
2771690804
2771690804
2771690804
2771690804
2771690804
2771690804
2771690804
2905910580
2905910580
2771690804
2771690804
2905910580
2905910580
2905910580
2905910580
2905910580
2905910580
2905910580
2905910580
2905910580
2905910580
2905910580
2905910580
2905910580
2905910580
2905910580
2905910580
18446744072322592052
18446744072322592052
18446744072322592052
2908007764
2908007764
2908007764
2908007764
2908007764
2910170485
2910170485
2910170485
2910170485
2908007764
2908007764
18446744072324754772
18446744072324754772
2908073301
2908073301
2908073301
2908073301
2908007764
2908007764
2908007764
2908007764
2908007764
2908007764
2908007764
2908007764
2908007764
2908007764
2908007764
2908007764
2908007764
2908007764
2908007764
2908007764
3044390261
3044390261
3044390261
3044390261
2910170485
2910170485
2908007764
2908007764
2908007764
2908007764
2908007764
2908007764
2908007764
2908007764
2908007764
2908007764
2908007764
2908007764
2908007764
2908007764
2908007764
2908007764
2908007764
2908007764
2908007764
2908007764
2908007764
2908007764
2908007764
2908007764
2908007764
2908007764
2908007764
2908007764
2908007764
2908007764
3044390261
3044390261
3044390261
3044390261
2908007764
2908007764
2908007764
2908007764
2908007764
2908007764
2908007764
2908007764
2908007764
2908007764
2908007764
2908007764
2908007764
2908007764
2908007764
2908007764
18446744072324689236
18446744072458906996
2910104948
2910104948
2910104948
2910104948
3044324724
3044324724
2908007764
2908007764
3044324724
3044324724
3044324724
3044324724
3044324724
3044324724
3044324724
3044324724
3044324724
3044324724
3044390261
3044390261
3044390261
3044390261
3044390261
3044390261
18446744072458909012
18446744072458909012
18446744072324689236
2908007764
2908007764
2908007764
2908007764
2908007764
2908007764
2908007764
3042227540
3042227540
3042227540
3042227540
2908007764
2908007764
2908007764
2908007764
3042227540
3042227540
2908007764
2908007764
2908007764
2908007764
2908007764
2908007764
298521035
298521035
298586572
298586572
298586572
298586572
300683756
300683756
300618219
300618219
300683756
300683756
434903532
434903532
434903532
434903532
300683756
300683756
300683756
300683756
18446744069715202507
18446744069715202507
18446744069849420235
18446744069985737195
18446744070258369003
18446744070528971307
18446744070803702380
18446744070942182060
18446744071080663789
18446744071219077965
18446744071355392878
18446744071493872558
18446744071493874639
18446744071630257135
18446744071630257135
18446744071632356368
18446744071766574128
18446744071768738864
18446744071770836049
18446744071905053809
18446744071907218577
2492634258
18446744072043533490
18446744072043533490
2631048402
2631048402
18446744072045632690
2631048402
2631048402
2631048402
2631048402
2631048402
2631048402
2631048402
2631048402
2631048402
2631048402
2631048402
2633211123
2633211123
2633211123
2633211123
2633211123
2633211123
2633211123
2633211123
2633211123
2633211123
2633211123
2633211123
2767430899
2767430899
2767430899
18446744072182013171
2633211123
2633211123
2631113939
2631113939
2631113939
2631113939
2631113939
2631113939
2631113939
2631113939
2633211123
2633211123
2631113939
2631113939
18446744072045698258
18446744072045632690
18446744072045632690
18446744072043533490
2628951218
2628951218
2628951218
2628951218
2628951218
2628951218
2628951218
2628951218
2631048402
2631048402
2631048402
2631048402
2631113939
2631113939
2631113939
2631113939
2631113939
2631113939
2631113939
2631113939
2631113939
2631113939
2633211123
2633211123
2633211123
2633211123
2767430899
2767430899
2767430899
2767430899
2769528083
2769528083
2769528083
2769528083
2769528083
2769528083
2769528083
2769528083
2769528083
2769528083
2769528083
2769528083
2769528083
2769528083
2769593620
2769593620
2769593620
2769593620
2769593620
2769593620
2769528083
2769528083
18446744072184177939
18446744072184177939
2769528083
2769528083
2769528083
2769528083
2769528083
2769528083
2769528083
2769528083
2769528083
2769528083
2769528083
2769528083
2769528083
2769528083
2769593620
2769593620
2769593620
2769593620
2769593620
2769593620
2769593620
2769593620
2769528083
2769528083
2769528083
2769528083
2769593620
2769593620
2769593620
2769593620
2769593620
2769593620
2769593620
2769593620
2769593620
2769593620
2769593620
2769593620
2769593620
2769593620
2769593620
2769593620
2769593620
2769593620
2769593620
2769593620
2769593620
2769593620
2769593620
2769593620
2769593620
2769593620
2769593620
2769593620
2769593620
2769593620
2771690804
2771690804
2771690804
2771690804
2771690804
2771690804
2905910580
2905910580
2905910580
2905910580
2905910580
2905910580
2905910580
2905910580
2908007764
2908007764
2905910580
2905910580
2905910580
2905910580
2908007764
2908007764
2908007764
2908007764
2908007764
2908007764
2908007764
2908007764
2908007764
2908007764
2908007764
2908007764
2908073301
2908073301
2908007764
2908007764
2908007764
2908007764
2908073301
2908073301
18446744072322657620
18446744072322592052
18446744072322592052
2905910580
2905910580
2905910580
2905910580
2905910580
2905910580
18446744072322657588
2908073301
2908073301
2908073301
2908073301
2908073301
2908073301
18446744072322657620
18446744072322657588
2908007764
2908007764
2905910580
2905910580
2905910580
2905910580
2905910580
2905910580
2905910580
2905910580
2905910580
2905910580
2905910580
2905910580
2905910580
2905910580
2905910580
2905910580
2905910580
2905910580
2905910580
2905910580
2905910580
2905910580
2771690804
2771690804
2771690804
2771690804
2771690804
18446744072186275092
2771690804
2771690804
2771690804
2771690804
18446744072186275092
2769593620
2769593620
2769593620
2769593620
2769593620
2769593620
2769593620
2769593620
2769593620
2771690804
2771690804
2771690804
2771690804
2905910580
2905910580
2905910580
2905910580
18446744072322592052
18446744072322657620
2908073301
2908073301
2908073301
